#Position (bp)	mapping quality
3119.0	60.0
9356.0	60.0
15593.0	60.0
21830.0	60.0
28067.0	58.375
34304.0	57.09090909090909
40541.0	60.0
46778.0	60.0
53015.0	60.0
59252.0	60.0
65489.0	60.0
71726.0	60.0
77963.0	60.0
84200.0	60.0
90437.0	60.0
96674.0	58.44395280235988
102911.0	60.0
109148.0	60.0
115385.0	60.0
121622.0	60.0
127859.0	60.0
134096.0	58.72472472472472
140333.0	60.0
146570.0	60.0
152807.0	60.0
159044.0	58.476190476190474
165281.0	59.4
171518.0	58.93333333333333
177755.0	60.0
183992.0	59.76190476190476
190229.0	58.66108786610879
196466.0	59.049881235154395
202703.0	56.22119815668203
208940.0	60.0
215177.0	60.0
221414.0	60.0
227651.0	60.0
233888.0	60.0
240125.0	60.0
246362.0	60.0
252599.0	60.0
258836.0	60.0
265073.0	60.0
271310.0	60.0
277547.0	60.0
283784.0	60.0
290021.0	60.0
296258.0	60.0
302495.0	60.0
308732.0	60.0
314969.0	60.0
321206.0	60.0
327443.0	60.0
333680.0	59.38461538461539
339917.0	60.0
346154.0	59.095238095238095
352391.0	60.0
358628.0	60.0
364865.0	60.0
371102.0	60.0
377339.0	60.0
383576.0	60.0
389813.0	60.0
396050.0	60.0
402287.0	60.0
408524.0	60.0
414761.0	60.0
420998.0	60.0
427235.0	60.0
433472.0	60.0
439709.0	60.0
445946.0	60.0
452183.0	60.0
458420.0	60.0
464657.0	60.0
470894.0	60.0
477131.0	60.0
483368.0	56.59090909090909
489605.0	60.0
495842.0	60.0
502079.0	60.0
508316.0	60.0
514553.0	60.0
520790.0	60.0
527027.0	60.0
533264.0	60.0
539501.0	60.0
545738.0	60.0
551975.0	60.0
558212.0	60.0
564449.0	60.0
570686.0	60.0
576923.0	60.0
583160.0	60.0
589397.0	60.0
595634.0	60.0
601871.0	45.0
608108.0	60.0
614345.0	60.0
620582.0	60.0
626819.0	60.0
633056.0	60.0
639293.0	60.0
645530.0	60.0
651767.0	60.0
658004.0	60.0
664241.0	60.0
670478.0	60.0
676715.0	60.0
682952.0	60.0
689189.0	60.0
695426.0	60.0
701663.0	60.0
707900.0	59.0
714137.0	59.285714285714285
720374.0	60.0
726611.0	60.0
732848.0	60.0
739085.0	60.0
745322.0	60.0
751559.0	60.0
757796.0	55.70617459190915
764033.0	60.0
770270.0	59.506711409395976
776507.0	53.602693602693606
782744.0	60.0
788981.0	59.833333333333336
795218.0	60.0
801455.0	60.0
807692.0	60.0
813929.0	60.0
820166.0	60.0
826403.0	60.0
832640.0	60.0
838877.0	60.0
845114.0	60.0
851351.0	60.0
857588.0	59.7609561752988
863825.0	59.92307692307692
870062.0	60.0
876299.0	60.0
882536.0	60.0
888773.0	60.0
895010.0	60.0
901247.0	60.0
907484.0	60.0
913721.0	60.0
919958.0	60.0
926195.0	60.0
932432.0	60.0
938669.0	60.0
944906.0	60.0
951143.0	60.0
957380.0	59.9250936329588
963617.0	60.0
969854.0	60.0
976091.0	60.0
982328.0	60.0
988565.0	60.0
994802.0	60.0
1001039.0	59.9647266313933
1007276.0	60.0
1013513.0	60.0
1019750.0	60.0
1025987.0	60.0
1032224.0	60.0
1038461.0	60.0
1044698.0	60.0
1050935.0	60.0
1057172.0	60.0
1063409.0	60.0
1069646.0	60.0
1075883.0	60.0
1082120.0	59.101589495507945
1088357.0	60.0
1094594.0	60.0
1100831.0	60.0
1107068.0	60.0
1113305.0	60.0
1119542.0	60.0
1125779.0	60.0
1132016.0	60.0
1138253.0	60.0
1144490.0	60.0
1150727.0	60.0
1156964.0	60.0
1163201.0	60.0
1169438.0	60.0
1175675.0	60.0
1181912.0	60.0
1188149.0	60.0
1194386.0	60.0
1200623.0	59.38461538461539
1206860.0	60.0
1213097.0	60.0
1219334.0	60.0
1225571.0	60.0
1231808.0	60.0
1238045.0	60.0
1244282.0	60.0
1250519.0	60.0
1256756.0	60.0
1262993.0	60.0
1269230.0	60.0
1275467.0	60.0
1281704.0	60.0
1287941.0	60.0
1294178.0	60.0
1300415.0	59.666666666666664
1306652.0	60.0
1312889.0	60.0
1319126.0	60.0
1325363.0	60.0
1331600.0	60.0
1337837.0	60.0
1344074.0	60.0
1350311.0	60.0
1356548.0	60.0
1362785.0	60.0
1369022.0	55.42857142857143
1375259.0	60.0
1381496.0	60.0
1387733.0	60.0
1393970.0	60.0
1400207.0	60.0
1406444.0	60.0
1412681.0	60.0
1418918.0	60.0
1425155.0	60.0
1431392.0	60.0
1437629.0	60.0
1443866.0	60.0
1450103.0	60.0
1456340.0	60.0
1462577.0	60.0
1468814.0	60.0
1475051.0	60.0
1481288.0	60.0
1487525.0	60.0
1493762.0	57.5
1499999.0	40.0
1506236.0	60.0
1512473.0	60.0
1518710.0	60.0
1524947.0	60.0
1531184.0	60.0
1537421.0	60.0
1543658.0	59.95794785534062
1549895.0	60.0
1556132.0	60.0
1562369.0	60.0
1568606.0	60.0
1574843.0	60.0
1581080.0	60.0
1587317.0	60.0
1593554.0	60.0
1599791.0	60.0
1606028.0	60.0
1612265.0	60.0
1618502.0	60.0
1624739.0	60.0
1630976.0	60.0
1637213.0	60.0
1643450.0	60.0
1649687.0	60.0
1655924.0	60.0
1662161.0	60.0
1668398.0	60.0
1674635.0	60.0
1680872.0	60.0
1687109.0	60.0
1693346.0	60.0
1699583.0	60.0
1705820.0	60.0
1712057.0	60.0
1718294.0	60.0
1724531.0	60.0
1730768.0	60.0
1737005.0	60.0
1743242.0	60.0
1749479.0	46.15384615384615
1755716.0	59.375
1761953.0	57.666666666666664
1768190.0	60.0
1774427.0	45.40909090909091
1780664.0	57.34432234432234
1786901.0	60.0
1793138.0	57.095238095238095
1799375.0	59.0
1805612.0	60.0
1811849.0	60.0
1818086.0	57.9632911392405
1824323.0	58.63157894736842
1830560.0	58.666666666666664
1836797.0	59.95
1843034.0	60.0
1849271.0	60.0
1855508.0	60.0
1861745.0	60.0
1867982.0	60.0
1874219.0	56.57142857142857
1880456.0	60.0
1886693.0	60.0
1892930.0	60.0
1899167.0	60.0
1905404.0	60.0
1911641.0	60.0
1917878.0	60.0
1924115.0	59.73684210526316
1930352.0	57.90575916230367
1936589.0	60.0
1942826.0	58.94408799266728
1949063.0	60.0
1955300.0	60.0
1961537.0	60.0
1967774.0	60.0
1974011.0	57.333333333333336
1980248.0	60.0
1986485.0	60.0
1992722.0	60.0
1998959.0	59.25581395348837
2005196.0	59.74647887323944
2011433.0	48.0
2017670.0	38.723404255319146
2023907.0	60.0
2030144.0	60.0
2036381.0	60.0
2042618.0	60.0
2048855.0	60.0
2055092.0	59.85037406483791
2061329.0	60.0
2067566.0	60.0
2073803.0	59.42857142857143
2080040.0	60.0
2086277.0	58.72
2092514.0	60.0
2098751.0	60.0
2104988.0	55.55555555555556
2111225.0	52.6448362720403
2117462.0	60.0
2123699.0	60.0
2129936.0	60.0
2136173.0	60.0
2142410.0	60.0
2148647.0	60.0
2154884.0	60.0
2161121.0	60.0
2167358.0	60.0
2173595.0	60.0
2179832.0	60.0
2186069.0	60.0
2192306.0	60.0
2198543.0	0.0
2204780.0	60.0
2211017.0	59.82905982905983
2217254.0	60.0
2223491.0	59.41305942773294
2229728.0	60.0
2235965.0	60.0
2242202.0	60.0
2248439.0	60.0
2254676.0	60.0
2260913.0	60.0
2267150.0	60.0
2273387.0	60.0
2279624.0	60.0
2285861.0	60.0
2292098.0	60.0
2298335.0	60.0
2304572.0	60.0
2310809.0	60.0
2317046.0	60.0
2323283.0	60.0
2329520.0	60.0
2335757.0	60.0
2341994.0	60.0
2348231.0	60.0
2354468.0	60.0
2360705.0	60.0
2366942.0	60.0
2373179.0	60.0
2379416.0	60.0
2385653.0	60.0
2391890.0	58.31334332833583
2398127.0	54.371482176360225
2404364.0	60.0
2410601.0	60.0
2416838.0	60.0
2423075.0	60.0
2429312.0	60.0
2435549.0	60.0
2441786.0	60.0
2448023.0	60.0
2454260.0	59.03333333333333
2460497.0	60.0
2466734.0	60.0
2472971.0	60.0
2479208.0	60.0
2485445.0	60.0
2491651.0	60.0
